# ---------------------------------------------------------------------------------------
#         File type: Grid Weights for Raven NETCDF v4.n
#        Model info: Ontario Hydrologic Modeling System (OHMS)
#    Forcing NETCDF: Canadian Surface Reanalysis (CaSR) v3.1
#        Created by: Hongren Shen
#     Creation date: 2025-09-29
# ---------------------------------------------------------------------------------------
#         Version 2: HRUs within the same subbasin share identical grid weights
#          Name key: 02GA034
# Weights Shapefile: finalcat_info_v2-0-1.shp
#           key_col: SubId
#            NETCDF: CaSR_v3_1_A_PR0_SFC_02GA034_agg_subbasin_v2-0-1_19791231_20241231_1H_UTC.nc
#              Note: This grid weights file utilizes pre-aggregated forcing for each HRU
# ---------------------------------------------------------------------------------------

:GridWeights
   #
   # [# HRUs]
     :NumberHRUs       143
     :NumberStations   34
   #
   # [HRU ID] [station index (0-based)] [weight]
     29003600030205   0   1.0
     29003600050205   0   1.0
     29003600080302   0   1.0
     29003600080305   0   1.0
     29003601020205   1   1.0
     29003601030205   1   1.0
     29003601050205   1   1.0
     29003601070405   1   1.0
     29003601080302   1   1.0
     29003601080305   1   1.0
     29003601090405   1   1.0
     29003708070405   2   1.0
     29003709070405   3   1.0
     29003714080302   4   1.0
     29003714080305   4   1.0
     29003715050205   5   1.0
     29003715080305   5   1.0
     29003730050205   6   1.0
     29003730080305   6   1.0
     29003731020205   7   1.0
     29003731030205   7   1.0
     29003731050205   7   1.0
     29003731070405   7   1.0
     29003731080302   7   1.0
     29003731080305   7   1.0
     29005155020205   8   1.0
     29005155030205   8   1.0
     29005155050205   8   1.0
     29005155080302   8   1.0
     29005155080305   8   1.0
     29005156020205   9   1.0
     29005156030205   9   1.0
     29005156050205   9   1.0
     29005156070405   9   1.0
     29005156080302   9   1.0
     29005156080305   9   1.0
     29005156090405   9   1.0
     29005216020205   10   1.0
     29005216030205   10   1.0
     29005216050205   10   1.0
     29005216070405   10   1.0
     29005216080302   10   1.0
     29005216080305   10   1.0
     29005216090405   10   1.0
     29005217020205   11   1.0
     29005217030205   11   1.0
     29005217040205   11   1.0
     29005217050205   11   1.0
     29005217080302   11   1.0
     29005217080305   11   1.0
     29005217090405   11   1.0
     29005256020205   12   1.0
     29005256030205   12   1.0
     29005256050205   12   1.0
     29005256070405   12   1.0
     29005256080302   12   1.0
     29005256080305   12   1.0
     29005256090405   12   1.0
     29005277020205   13   1.0
     29005277040205   13   1.0
     29005277050205   13   1.0
     29005277070405   13   1.0
     29005277080302   13   1.0
     29005277080305   13   1.0
     29005277090405   13   1.0
     29005279020205   14   1.0
     29005279030205   14   1.0
     29005279040205   14   1.0
     29005279050205   14   1.0
     29005279070405   14   1.0
     29005279080302   14   1.0
     29005279080305   14   1.0
     29005279090405   14   1.0
     29011173020205   15   1.0
     29011173050205   15   1.0
     29011173080302   15   1.0
     29011173080305   15   1.0
     29011173090405   15   1.0
     29012877000000   16   1.0
     29012877020205   16   1.0
     29012877040205   16   1.0
     29012877050205   16   1.0
     29012877080305   16   1.0
     29012877090405   16   1.0
     29012877100505   16   1.0
     29012889000000   17   1.0
     29012889020205   17   1.0
     29012889040205   17   1.0
     29012889050205   17   1.0
     29012889070405   17   1.0
     29012889080302   17   1.0
     29012889080305   17   1.0
     29012889090405   17   1.0
     29016332020205   18   1.0
     29016332030205   18   1.0
     29016332070405   18   1.0
     29016332080302   18   1.0
     29016332080305   18   1.0
     29016395050205   19   1.0
     29016395080302   19   1.0
     29016395080305   19   1.0
     29016418080305   20   1.0
     29016456020205   21   1.0
     29016456050205   21   1.0
     29016456070405   21   1.0
     29016456080302   21   1.0
     29016456080305   21   1.0
     29016456090405   21   1.0
     29016460080305   22   1.0
     29016476050205   23   1.0
     29016476080305   23   1.0
     29016489080302   24   1.0
     29016526050205   25   1.0
     29016527080305   26   1.0
     29016532050205   27   1.0
     29016532070405   27   1.0
     29016532080302   27   1.0
     29016532080305   27   1.0
     29016540020205   28   1.0
     29016540030205   28   1.0
     29016540050205   28   1.0
     29016540070405   28   1.0
     29016540080302   28   1.0
     29016540080305   28   1.0
     29016540090405   28   1.0
     29016540100505   28   1.0
     29016541070405   29   1.0
     29016547050205   30   1.0
     29016547070405   30   1.0
     29016547080304   30   1.0
     29016547080305   30   1.0
     29016588020205   31   1.0
     29016588030205   31   1.0
     29016588050205   31   1.0
     29016588070404   31   1.0
     29016588070405   31   1.0
     29016588080302   31   1.0
     29016588080304   31   1.0
     29016588080305   31   1.0
     29016588090405   31   1.0
     29016589070405   32   1.0
     29019362080302   33   1.0
     29019362080305   33   1.0
:EndGridWeights
